20
13
13 4
7 1 9
6 9 19 10
16 1 1 16 0
0 14 18 2 0 9
9 13 15 3 8 15 18
9 5 17 2 18 1 9 11
10 8 13 1 18 9 15 19 17
15 19 3 5 13 3 15 14 8 10
17 16 5 7 17 2 16 0 12 17 1
15 19 9 0 0 7 9 15 18 18 2 9
13 0 14 16 15 8 16 5 17 13 2 4 10
16 0 2 0 9 16 7 8 17 8 1 17 9 8
7 0 3 17 13 3 3 2 18 4 18 15 1 11 9
18 14 5 18 8 17 0 4 4 0 14 12 1 11 2 2
18 14 17 7 7 12 3 9 2 7 8 17 8 11 18 18 5
15 17 6 12 17 2 8 17 16 1 11 7 15 5 18 9 2 17
16 6 0 18 8 19 6 17 0 9 15 18 15 10 7 13 14 16 15
2 6 12 15 17 11 2 14 1 11 8 19 0 14 11 18 2 11 16 11